6 -18 0 1
78 123 -1 -1
-24 118 1 -1
124 90 -1 0
-30 63 1 -1
100 18 -1 0
-2 -32 1 1
-3 122 1 -1
65 75 0 -1
109 4 -1 0
63 37 0 0
39 46 1 0
60 97 -1 -1
95 122 0 -1
16 33 1 1
102 16 -1 1
4 -27 0 1
34 67 0 -1
7 69 1 0
-45 12 1 0
20 50 0 0
14 4 1 0
4 63 1 -1
21 -38 0 1
-5 112 1 -1
144 22 -1 1
0 32 1 1
140 -18 -1 1
92 19 0 1
96 62 -1 0
-54 52 1 0
72 99 0 0
16 6 1 1
32 90 1 -1
111 76 -1 -1
95 81 -1 0
28 131 0 -1
134 30 -1 1
123 -11 -1 1
18 80 1 0
127 84 -1 0
98 -26 0 1
31 158 1 -1
32 23 1 0
68 36 -1 1
154 2 -1 1
13 -32 1 1
3 76 1 -1
15 -16 0 1
15 57 1 0
150 64 -1 -1
76 29 0 1
73 149 0 -1
105 13 -1 1
69 47 0 0
79 141 0 -1
38 -34 0 1
62 66 0 0
40 55 1 0
19 114 0 -1
1 78 0 -1
72 -26 -1 1
70 94 -1 0
91 -17 0 1
41 4 0 0
125 150 -1 -1
139 87 -1 -1
65 109 -1 -1
157 149 -1 -1
6 85 1 -1
97 26 -1 0
37 71 0 0
13 8 0 1
90 -39 0 1
5 17 1 1
-4 74 1 0
19 82 1 -1
139 -28 -1 1
79 17 0 0
28 34 0 1
47 141 0 -1
11 -2 1 1
-32 36 1 0
-27 -42 1 1
58 74 0 0
94 -49 0 1
127 -8 -1 1
131 -29 -1 1
4 -54 1 1
120 17 -1 0
23 122 1 -1
12 95 1 0
108 91 -1 0
38 26 0 0
0 89 0 0
-16 21 1 1
-30 13 1 1
28 53 1 0
91 72 0 0
-31 -11 1 1
19 13 0 0
79 108 0 -1
108 87 -1 -1
22 55 1 0
68 -26 0 1
131 32 -1 1
-38 -8 1 1
16 60 0 -1
89 124 0 -1
-37 29 1 0
30 -43 0 1
29 59 1 -1
23 85 1 0
31 19 0 1
12 70 1 -1
101 87 -1 0
-54 113 1 -1
25 20 0 1
-36 109 1 -1
124 44 -1 0
144 87 -1 0
79 66 0 0
88 99 -1 0
-32 -12 1 1
33 48 1 0
-34 -18 1 1
29 42 0 0
104 34 -1 0
69 5 -1 0
98 154 -1 -1
66 83 0 0
-49 85 1 -1
132 103 -1 -1
67 -16 -1 1
127 126 -1 -1
-10 98 1 0
140 58 -1 0
97 -58 -1 1
146 18 -1 0
146 107 -1 -1
50 71 0 0
2 -50 0 1
25 3 0 1
-2 148 1 -1
-29 64 1 0
84 -55 -1 1
-12 7 1 0
140 90 -1 0
96 18 -1 0
-45 31 1 1
156 131 -1 -1
101 4 -1 1
13 103 0 -1
102 -4 -1 1
80 64 -1 -1
-19 17 1 1
24 22 1 0
38 73 1 -1
28 25 0 1
25 3 0 1
112 2 -1 0
-38 15 1 1
157 109 -1 -1
137 27 -1 1
24 89 1 0
117 84 -1 0
86 -25 -1 1
91 95 0 0
36 38 1 1
70 46 0 0
59 72 -1 -1
85 74 -1 0
73 137 -1 -1
-7 35 1 1
68 49 0 0
62 55 0 0
38 52 0 0
91 16 0 0
20 -37 1 1
-22 1 1 0
-27 71 1 -1
118 78 -1 0
127 70 -1 0
-8 64 1 -1
10 116 1 -1
-18 135 1 -1
106 2 -1 1
37 158 1 -1
25 93 0 0
-37 63 1 -1
-12 116 1 -1
88 47 0 0
98 20 0 0
19 10 0 1
-22 47 1 0
75 70 -1 -1
121 89 -1 0
13 39 0 0
74 8 0 1
80 84 0 -1
151 84 -1 0
158 -27 -1 1
88 31 0 1
1 -38 0 1
83 88 -1 0
99 10 -1 1
151 75 -1 0
144 72 -1 0
5 119 1 -1
132 -51 -1 1
-13 16 1 0
32 25 0 0
100 28 -1 1
144 -52 -1 1
-52 98 1 -1
108 94 -1 0
-12 99 1 -1
78 15 0 1
105 128 -1 -1
93 -28 -1 1
109 37 -1 1
-26 96 1 0
-20 -37 1 1
101 133 -1 -1
-40 113 1 -1
137 140 -1 -1
-58 2 1 1
157 68 -1 -1
3 -43 0 1
73 96 0 -1
140 124 -1 -1
50 2 0 0
113 53 -1 0
-47 6 1 0
154 158 -1 -1
20 -14 1 1
26 39 1 0
112 25 -1 1
43 99 0 -1
26 -37 0 1
13 15 0 0
138 66 -1 -1
2 152 0 -1
112 9 -1 1
90 -54 -1 1
62 11 0 1
-17 50 1 0
14 28 0 0
74 152 0 -1
0 118 0 -1
73 -20 -1 1
120 124 -1 -1
41 -21 0 1
66 79 0 0
39 13 1 1
76 81 -1 -1
142 31 -1 0
157 87 -1 -1
81 -14 -1 1
-11 83 1 -1
82 99 -1 -1
-45 -31 1 1
21 -45 1 1
5 56 1 0
86 -4 0 1
71 0 -1 1
101 -23 -1 1
67 6 0 1
27 25 0 0
9 0 1 0
67 98 0 0
5 90 1 0
2 40 1 0
25 151 1 -1
-55 157 1 -1
116 89 -1 0
9 94 0 -1
158 34 -1 0
144 25 -1 0
-25 88 1 0
33 120 1 -1
28 -53 0 1
36 37 0 0
99 67 -1 0
-23 -12 1 1
43 123 0 -1
0 32 0 0
95 94 -1 -1
2 90 0 -1
44 77 0 0
-39 28 1 1
-50 104 1 -1
42 -28 0 1
152 -11 -1 1
152 13 -1 0
36 59 0 0
83 99 0 -1
118 -4 -1 1
28 107 1 -1
52 49 0 0
27 93 1 0
144 136 -1 -1
-16 123 1 -1
25 10 1 0
8 31 0 1
85 84 -1 -1
90 137 0 -1
45 71 0 0
-12 141 1 -1
86 7 -1 0
16 109 0 -1
71 158 0 -1
38 21 1 0
91 -39 -1 1
72 49 0 0
77 -59 -1 1
120 86 -1 -1
101 24 -1 1
30 -23 1 1
32 12 1 0
21 82 0 -1
-8 121 1 -1
82 -6 0 1
58 82 0 0
3 14 1 0
37 122 0 -1
33 36 1 1
133 30 -1 1
84 -42 -1 1
74 39 -1 0
83 11 -1 0
-27 35 1 1
79 24 -1 0
114 -20 -1 1
47 59 0 -1
139 60 -1 -1
19 92 1 -1
110 44 -1 0
137 -13 -1 1
29 36 0 0
32 144 1 -1
-55 66 1 0
140 136 -1 -1
45 55 0 0
43 13 0 1
65 109 0 -1
96 33 0 0
21 21 0 1
-33 64 1 -1
78 90 -1 0
22 93 0 0
79 79 -1 -1
110 130 -1 -1
28 156 1 -1
96 -50 -1 1
0 15 1 1
-25 63 1 -1
-43 75 1 0
116 72 -1 -1
51 120 0 -1
48 52 0 0
19 5 0 1
-17 152 1 -1
71 54 0 0
49 56 0 0
57 78 0 -1
24 8 0 0
-9 99 1 -1
68 -31 -1 1
129 62 -1 -1
-7 -20 1 1
64 89 -1 0
-36 28 1 0
2 104 1 -1
61 79 0 0
64 0 -1 0
156 -18 -1 1
27 19 1 1
-16 103 1 -1
-9 5 1 0
51 151 0 -1
110 118 -1 -1
75 34 -1 1
1 18 0 0
-17 150 1 -1
63 132 -1 -1
95 9 -1 0
-41 97 1 0
82 -29 0 1
106 7 -1 1
59 -15 0 1
70 83 -1 0
49 -7 0 1
149 30 -1 1
-53 36 1 1
80 81 0 0
-32 34 1 1
-50 27 1 1
-11 13 1 0
-48 70 1 0
4 96 1 -1
115 10 -1 0
135 24 -1 0
84 4 0 1
26 86 1 0
7 157 0 -1
-2 59 1 0
58 63 0 -1
21 -28 1 1
155 77 -1 -1
88 151 0 -1
142 9 -1 1
62 -42 -1 1
93 103 0 -1
22 9 1 1
142 -10 -1 1
-11 19 1 0
-35 -40 1 1
7 -13 1 1
27 133 0 -1
29 66 0 -1
-11 -22 1 1
63 86 -1 0
123 -21 -1 1
89 72 -1 0
-5 53 1 0
49 58 0 0
-25 91 1 -1
40 77 1 0
38 15 0 0
61 84 0 0
58 74 0 -1
146 -47 -1 1
33 45 1 0
-52 7 1 1
-22 52 1 0
94 -7 -1 1
96 132 0 -1
71 17 0 1
-54 96 1 0
-51 12 1 0
-21 36 1 0
13 136 1 -1
21 9 1 1
47 79 0 -1
68 85 0 0
84 119 0 -1
66 118 -1 -1
-4 41 1 0
15 78 1 0
-34 38 1 0
-22 62 1 0
-29 0 1 1
116 -5 -1 1
76 96 -1 0
130 95 -1 -1
88 89 0 -1
79 3 0 0
79 17 -1 0
92 58 0 0
40 124 0 -1
-16 11 1 1
86 28 0 0
61 98 -1 -1
-1 64 1 -1
26 75 0 -1
74 76 0 0
-37 34 1 1
-27 -34 1 1
95 122 -1 -1
61 6 0 0
60 55 0 0
150 38 -1 0
79 105 -1 -1
61 16 -1 1
61 63 -1 -1
57 -58 0 1
-52 20 1 1
40 92 0 0
23 147 1 -1
75 38 -1 0
38 37 0 0
117 6 -1 1
70 81 -1 -1
65 53 0 0
5 13 1 0
123 90 -1 -1
137 92 -1 0
103 74 -1 0
11 30 1 1
-21 -5 1 1
-21 38 1 0
107 13 -1 1
147 81 -1 0
77 29 -1 0
27 -8 1 1
46 11 0 0
119 45 -1 0
20 141 1 -1
39 90 1 -1
6 90 1 -1
85 -43 0 1
-50 42 1 0
-3 4 1 1
69 58 0 0
-10 33 1 0
95 -45 -1 1
14 90 1 0
13 17 1 1
133 7 -1 0
-52 42 1 0
41 64 0 0
20 52 1 0
-53 22 1 1
93 62 0 0
113 43 -1 0
14 85 1 0
91 1 0 0
0 27 1 0
144 68 -1 -1
24 142 0 -1
104 93 -1 0
-54 19 1 1
88 -11 0 1
87 94 -1 -1
-39 -40 1 1
7 63 0 -1
158 58 -1 0
140 127 -1 -1
55 -3 0 1
-29 29 1 0
-15 98 1 0
62 148 0 -1
85 62 -1 0
-41 -58 1 1
95 96 -1 0
-30 115 1 -1
37 109 0 -1
146 48 -1 0
124 0 -1 0
81 31 0 1
33 88 0 -1
60 28 -1 0
107 112 -1 -1
125 12 -1 0
-6 -43 1 1
156 116 -1 -1
104 22 -1 1
52 -33 0 1
38 76 0 0
37 -37 1 1
-58 57 1 0
-36 2 1 0
95 83 -1 -1
82 35 0 0
-15 70 1 -1
-36 71 1 -1
60 120 0 -1
-50 38 1 0
157 27 -1 1
38 53 0 0
147 111 -1 -1
141 39 -1 0
-16 24 1 0
144 16 -1 0
34 19 1 1
102 101 -1 -1
13 0 0 1
18 96 0 -1
96 85 0 -1
33 23 0 1
46 82 0 -1
-37 7 1 0
110 11 -1 1
94 -30 0 1
38 46 0 0
44 12 0 0
141 72 -1 0
29 105 1 -1
134 100 -1 -1
80 78 -1 0
96 82 0 0
27 -58 1 1
81 93 0 -1
85 69 -1 0
109 128 -1 -1
82 130 -1 -1
-15 136 1 -1
29 31 0 0
66 29 0 0
-43 141 1 -1
-34 86 1 -1
127 -39 -1 1
49 -22 0 1
19 151 0 -1
-49 80 1 -1
20 94 0 -1
8 139 1 -1
1 30 1 1
-47 111 1 -1
-48 28 1 1
43 -1 0 1
143 151 -1 -1
123 3 -1 0
9 10 1 1
119 20 -1 0
146 81 -1 0
79 84 -1 -1
-36 -35 1 1
112 -38 -1 1
86 29 -1 0
34 10 1 0
-6 41 1 0
137 5 -1 1
112 32 -1 0
62 84 0 -1
0 27 1 1
91 -41 -1 1
67 87 0 -1
20 42 0 0
-31 -20 1 1
8 151 0 -1
84 122 0 -1
85 27 -1 1
-56 77 1 -1
30 -2 1 1
1 33 1 1
90 150 -1 -1
37 0 1 1
60 12 -1 1
15 14 0 1
46 88 0 0
9 123 1 -1
53 -35 0 1
17 25 1 0
80 147 -1 -1
73 1 -1 0
125 9 -1 0
153 137 -1 -1
32 -16 0 1
-46 26 1 0
19 19 1 1
82 143 -1 -1
45 79 0 -1
140 121 -1 -1
83 -33 0 1
71 77 -1 -1
60 156 -1 -1
-28 70 1 -1
-54 60 1 -1
19 50 1 0
40 28 1 1
67 21 -1 0
152 -33 -1 1
35 81 1 -1
16 91 1 0
86 93 -1 0
8 81 1 -1
86 71 0 -1
-25 -29 1 1
43 149 0 -1
129 30 -1 1
156 136 -1 -1
-28 92 1 -1
22 154 1 -1
30 -34 0 1
1 3 0 1
141 34 -1 1
75 112 0 -1
12 8 0 1
78 1 0 0
94 32 0 0
1 -49 1 1
39 87 1 -1
17 -49 0 1
36 -56 1 1
-12 34 1 0
-57 1 1 1
88 -45 -1 1
7 71 0 -1
67 151 0 -1
21 2 0 1
154 -55 -1 1
-13 145 1 -1
-22 -4 1 1
-57 80 1 0
57 87 0 0
19 69 1 0
-8 56 1 0
91 -3 0 1
125 -1 -1 1
68 72 -1 -1
36 138 0 -1
39 -30 1 1
149 58 -1 0
34 -14 1 1
-55 122 1 -1
100 1 -1 0
4 88 1 -1
87 32 0 0
95 31 0 1
30 92 1 -1
30 156 1 -1
46 81 0 0
7 100 0 -1
105 110 -1 -1
77 81 0 0
55 127 0 -1
15 20 0 1
-45 90 1 0
-12 29 1 1
119 119 -1 -1
-52 92 1 -1
66 29 0 1
89 44 0 0
-52 64 1 0
130 -55 -1 1
106 -10 -1 1
-32 143 1 -1
37 58 1 0
-56 139 1 -1
73 72 -1 0
-17 7 1 1
78 143 -1 -1
132 -49 -1 1
-53 57 1 0
148 61 -1 -1
101 -59 -1 1
22 124 0 -1
-30 14 1 0
-10 86 1 0
-59 0 1 1
63 155 0 -1
79 -43 -1 1
38 10 0 1
-17 66 1 -1
41 68 0 0
130 67 -1 -1
109 -38 -1 1
40 145 0 -1
78 28 0 0
-46 72 1 0
95 43 0 0
74 73 0 -1
15 -14 0 1
8 -36 1 1
47 99 0 -1
-1 17 1 1
1 102 1 -1
153 147 -1 -1
110 76 -1 0
79 17 0 1
-49 26 1 1
-6 20 1 0
75 71 -1 -1
23 124 0 -1
64 -13 0 1
146 23 -1 1
73 25 -1 1
-36 37 1 0
141 119 -1 -1
127 103 -1 -1
8 96 0 0
0 68 1 -1
48 44 0 0
13 9 0 0
63 -16 0 1
148 19 -1 1
63 13 0 1
94 2 0 1
90 19 0 0
124 82 -1 0
54 19 0 1
74 87 0 0
-23 75 1 -1
0 98 1 0
114 54 -1 0
13 -54 1 1
108 47 -1 0
44 -46 0 1
-4 -21 1 1
71 -35 0 1
15 4 1 0
65 37 -1 1
92 19 -1 1
69 21 -1 0
60 24 0 0
108 68 -1 -1
23 5 0 1
-6 13 1 1
155 2 -1 1
93 69 -1 -1
32 80 0 -1
76 85 0 -1
97 23 -1 0
41 48 0 0
146 100 -1 -1
132 158 -1 -1
3 143 0 -1
21 23 1 0
93 90 0 -1
75 11 -1 0
113 125 -1 -1
-2 152 1 -1
40 70 1 0
59 132 -1 -1
23 37 1 0
14 84 1 0
-16 40 1 0
-6 -18 1 1
26 73 0 0
157 13 -1 1
-4 151 1 -1
126 121 -1 -1
-32 2 1 0
132 75 -1 -1
33 5 0 1
78 -14 -1 1
-55 -6 1 1
97 73 -1 0
74 45 -1 0
63 9 -1 0
-35 -22 1 1
40 61 1 -1
59 -17 -1 1
18 -47 1 1
85 137 -1 -1
65 -19 -1 1
154 3 -1 0
143 -43 -1 1
118 110 -1 -1
78 147 0 -1
24 113 0 -1
126 49 -1 0
79 100 -1 -1
106 97 -1 0
-18 94 1 0
62 -44 -1 1
93 75 0 0
12 25 1 0
0 -23 0 1
-31 67 1 -1
70 36 0 1
84 -12 0 1
139 105 -1 -1
96 13 -1 1
28 63 1 -1
-31 72 1 -1
81 95 0 -1
73 31 0 0
40 68 1 -1
24 -11 1 1
29 147 0 -1
63 40 0 0
98 0 -1 1
-27 70 1 -1
0 5 0 1
139 38 -1 0
98 -34 -1 1
82 8 0 1
61 21 -1 1
37 75 0 0
91 -24 -1 1
129 -23 -1 1
67 61 -1 0
31 70 0 -1
-4 -36 1 1
140 68 -1 0
82 141 -1 -1
13 -54 0 1
-9 -11 1 1
-1 71 1 -1
131 0 -1 0
76 72 -1 -1
33 34 1 0
-47 94 1 0
85 107 0 -1
9 99 0 -1
127 -42 -1 1
-3 141 1 -1
70 8 -1 0
31 7 1 1
38 25 0 1
47 1 0 1
10 41 1 0
81 120 0 -1
91 36 0 0
95 16 0 0
15 13 0 0
141 98 -1 -1
18 117 1 -1
67 84 -1 0
115 39 -1 0
49 3 0 0
30 -45 1 1
88 140 0 -1
69 45 -1 0
70 88 -1 -1
107 89 -1 0
5 125 1 -1
-13 11 1 0
-42 128 1 -1
29 93 0 0
-37 -5 1 1
96 -29 -1 1
79 90 -1 0
-5 131 1 -1
78 -32 -1 1
3 53 1 0
30 21 0 1
146 82 -1 0
22 -41 1 1
-3 101 1 -1
-30 108 1 -1
108 -16 -1 1
-53 154 1 -1
152 51 -1 0
117 -59 -1 1
25 96 0 0
39 34 0 1
71 7 0 1
-14 -30 1 1
38 29 1 0
72 -26 0 1
104 131 -1 -1
112 -29 -1 1
-35 137 1 -1
12 74 1 -1
85 15 0 0
56 108 0 -1
86 134 -1 -1
62 30 -1 1
15 110 1 -1
-45 55 1 0
48 -53 0 1
30 2 0 1
-11 91 1 -1
77 4 -1 1
142 158 -1 -1
16 8 1 1
158 123 -1 -1
-44 55 1 0
31 85 0 -1
-45 88 1 0
130 21 -1 0
127 -42 -1 1
16 6 1 1
94 127 0 -1
-19 120 1 -1
-20 84 1 -1
-41 96 1 -1
152 20 -1 1
84 110 -1 -1
96 40 0 1
38 4 1 0
73 98 0 0
11 70 1 -1
86 8 0 0
141 29 -1 0
78 83 -1 -1
107 94 -1 -1
81 86 -1 -1
35 59 1 0
6 1 0 1
-59 -44 1 1
157 99 -1 -1
117 70 -1 -1
64 105 -1 -1
96 -59 -1 1
31 35 0 1
66 73 -1 -1
118 3 -1 1
141 -50 -1 1
76 -42 -1 1
29 14 0 1
68 -23 0 1
4 -54 1 1
-17 34 1 1
-20 36 1 0
41 114 0 -1
35 126 0 -1
35 -58 1 1
0 56 0 0
-20 4 1 1
146 -4 -1 1
14 141 1 -1
146 16 -1 1
-16 -48 1 1
88 146 -1 -1
135 40 -1 1
124 90 -1 0
111 49 -1 0
-25 29 1 0
19 50 1 0
101 62 -1 0
-52 4 1 1
-31 51 1 0
57 136 0 -1
77 155 -1 -1
90 66 -1 0
14 64 1 -1
158 90 -1 0
99 51 0 0
145 138 -1 -1
25 88 1 0
10 39 1 0
6 20 0 1
89 87 0 -1
133 38 -1 0
-38 113 1 -1
99 74 0 0
100 94 -1 -1
27 -59 0 1
19 12 1 1
60 58 -1 0
13 8 0 1
-27 157 1 -1
123 103 -1 -1
16 135 0 -1
69 155 -1 -1
83 39 -1 0
39 116 1 -1
143 4 -1 0
-53 92 1 0
122 -57 -1 1
70 71 -1 0
26 -42 0 1
23 106 0 -1
-1 -7 1 1
131 30 -1 0
130 121 -1 -1
116 113 -1 -1
53 127 0 -1
-48 -28 1 1
28 -9 0 1
-14 3 1 0
89 54 0 0
113 15 -1 1
19 94 1 -1
49 46 0 0
69 -9 0 1
68 53 0 0
12 -26 1 1
46 60 0 -1
110 73 -1 -1
53 -26 0 1
-32 68 1 -1
95 109 0 -1
113 49 -1 0
-22 101 1 -1
-55 98 1 -1
34 -27 0 1
102 45 -1 0
94 132 0 -1
-47 -18 1 1
45 -46 0 1
153 9 -1 0
37 9 0 0
68 67 0 -1
158 34 -1 0
89 86 0 0
83 68 -1 -1
150 -5 -1 1
81 25 -1 1
23 -46 1 1
106 97 -1 0
60 90 0 0
81 147 -1 -1
91 23 -1 0
-22 158 1 -1
79 15 -1 1
89 131 -1 -1
144 68 -1 -1
49 24 0 0
107 28 -1 0
36 6 1 0
20 91 0 -1
94 34 -1 0
-49 140 1 -1
75 87 0 -1
158 68 -1 -1
35 -13 1 1
34 93 1 -1
-28 19 1 0
85 90 0 -1
94 129 0 -1
126 137 -1 -1
79 49 0 0
86 69 -1 -1
50 116 0 -1
-8 94 1 -1
88 131 0 -1
41 32 0 0
119 43 -1 0
-27 41 1 0
98 75 -1 0
110 96 -1 0
-44 21 1 1
13 4 1 0
46 32 0 0
73 9 0 0
-8 -15 1 1
-6 57 1 0
97 71 0 0
123 18 -1 1
111 2 -1 0
88 91 0 -1
58 93 0 -1
116 -24 -1 1
137 102 -1 -1
79 79 0 -1
94 -33 0 1
64 1 -1 0
-10 132 1 -1
-36 68 1 -1
118 40 -1 0
49 108 0 -1
33 58 0 0
36 14 0 0
82 20 0 1
17 68 1 -1
67 21 -1 1
18 64 0 0
39 111 1 -1
-23 105 1 -1
86 87 -1 0
32 -33 1 1
63 93 0 0
37 81 1 0
22 115 0 -1
116 99 -1 -1
29 39 0 0
34 36 0 1
30 25 1 1
98 48 0 0
-47 118 1 -1
113 -43 -1 1
53 21 0 1
5 -40 1 1
90 6 0 1
104 -40 -1 1
-25 86 1 -1
52 -41 0 1
28 16 1 0
-1 100 1 -1
-18 116 1 -1
-18 106 1 -1
60 125 0 -1
-39 39 1 0
-16 66 1 0
-29 96 1 -1
97 -50 0 1
-30 99 1 0
36 -49 0 1
33 21 1 1
56 -10 0 1
-24 -11 1 1
95 1 -1 1
-44 92 1 0
8 25 1 0
74 74 0 0
23 45 1 0
91 93 0 0
56 99 0 0
11 0 1 0
90 112 0 -1
82 52 0 0
30 87 1 -1
48 5 0 0
85 59 -1 0
33 -18 0 1
141 46 -1 0
154 -55 -1 1
65 96 -1 0
-36 26 1 1
5 29 0 0
-46 75 1 0
132 70 -1 0
140 82 -1 -1
116 51 -1 0
26 121 0 -1
31 91 1 0
98 99 -1 0
81 32 -1 0
126 93 -1 -1
75 70 -1 0
-22 116 1 -1
114 23 -1 1
-49 47 1 0
149 -27 -1 1
33 84 1 0
131 13 -1 1
26 88 0 -1
-14 -41 1 1
60 137 0 -1
-37 17 1 0
62 74 -1 0
-30 -57 1 1
10 138 0 -1
-56 110 1 -1
-8 114 1 -1
25 11 1 1
-20 73 1 -1
84 26 0 0
-22 72 1 -1
-44 2 1 1
-28 29 1 1
96 30 -1 1
10 -19 0 1
41 85 0 -1
34 -50 0 1
87 135 -1 -1
-31 39 1 0
54 -47 0 1
105 28 -1 0
67 38 0 1
124 38 -1 1
17 78 0 0
80 22 -1 1
105 136 -1 -1
8 34 0 1
29 20 0 0
55 -9 0 1
116 30 -1 1
-47 88 1 0
4 -58 1 1
-11 92 1 -1
153 -55 -1 1
22 89 1 0
136 33 -1 1
78 13 -1 0
68 66 -1 0
97 76 -1 -1
-59 -21 1 1
28 149 0 -1
28 145 1 -1
71 -44 -1 1
84 11 -1 1
63 148 0 -1
61 114 0 -1
43 90 0 0
-6 33 1 0
74 144 -1 -1
71 92 0 -1
60 65 0 -1
35 122 1 -1
76 34 0 0
84 41 -1 0
138 34 -1 0
81 83 -1 -1
0 -22 1 1
82 33 0 0
48 49 0 0
-36 116 1 -1
117 21 -1 1
69 97 -1 -1
73 97 -1 -1
2 126 1 -1
64 88 0 0
78 9 0 0
85 9 -1 1
84 66 -1 0
90 103 -1 -1
83 117 -1 -1
74 139 -1 -1
67 78 0 -1
30 71 0 -1
153 98 -1 -1
-39 153 1 -1
55 122 0 -1
-36 71 1 0
20 -20 1 1
-55 81 1 -1
50 10 0 0
136 154 -1 -1
86 1 0 0
68 38 -1 0
34 92 0 -1
91 138 -1 -1
85 49 0 0
74 117 -1 -1
-56 -55 1 1
40 51 0 0
58 -34 0 1
-34 70 1 -1
43 10 0 1
19 87 0 0
30 9 1 0
147 -58 -1 1
33 33 0 0
6 3 0 0
-36 142 1 -1
84 64 0 -1
69 91 0 -1
144 20 -1 1
-14 54 1 0
-34 -34 1 1
56 19 0 0
-21 15 1 0
-34 126 1 -1
94 13 -1 1
89 97 0 0
8 112 1 -1
22 -49 0 1
0 36 1 0
35 46 0 0
70 -41 0 1
99 22 -1 1
-16 38 1 0
148 28 -1 1
82 -41 -1 1
-11 -7 1 1
142 32 -1 1
65 33 0 0
67 57 0 0
20 119 1 -1
15 58 1 0
10 87 1 0
95 91 -1 -1
-19 93 1 0
131 70 -1 -1
43 86 0 0
60 87 -1 0
106 32 -1 1
124 138 -1 -1
73 60 0 -1
-22 -5 1 1
-13 20 1 0
-34 109 1 -1
122 13 -1 0
21 43 1 0
86 45 -1 0
79 80 -1 0
153 -29 -1 1
98 131 0 -1
70 -49 -1 1
17 119 0 -1
3 3 1 0
-58 -41 1 1
37 86 0 -1
118 91 -1 0
82 0 -1 1
-27 8 1 1
22 12 1 0
2 72 1 0
124 99 -1 0
130 9 -1 0
64 81 0 0
109 70 -1 0
141 121 -1 -1
13 -26 1 1
80 13 -1 0
6 93 0 0
22 25 1 1
118 103 -1 -1
77 148 0 -1
-26 6 1 0
1 54 0 0
3 100 1 -1
111 125 -1 -1
129 27 -1 1
3 -38 0 1
45 80 0 -1
37 86 0 0
59 56 0 0
154 98 -1 0
106 112 -1 -1
146 -36 -1 1
141 142 -1 -1
58 87 0 0
140 47 -1 0
90 0 0 1
7 117 1 -1
-25 -44 1 1
18 -21 1 1
-57 -21 1 1
-1 95 1 -1
37 -47 0 1
81 85 -1 -1
24 27 1 1
53 2 0 1
65 53 -1 0
18 79 1 -1
88 39 0 1
-24 -49 1 1
50 132 0 -1
-32 151 1 -1
1 76 1 0
-4 24 1 0
14 39 1 1
-10 -43 1 1
103 62 -1 0
-37 24 1 0
83 29 -1 1
86 35 -1 1
135 12 -1 1
136 -45 -1 1
4 66 1 -1
-1 143 1 -1
122 76 -1 0
-11 82 1 -1
147 19 -1 1
67 -1 -1 1
156 54 -1 0
88 -20 -1 1
157 57 -1 0
101 -5 -1 1
61 29 -1 1
118 -59 -1 1
30 77 1 0
-56 72 1 -1
-42 71 1 -1
43 -40 0 1
117 -18 -1 1
136 -20 -1 1
43 149 0 -1
134 44 -1 0
112 54 -1 0
70 62 0 0
82 95 -1 -1
126 -21 -1 1
11 18 0 1
134 64 -1 -1
1 112 0 -1
4 5 0 1
35 -6 0 1
74 30 0 0
26 79 0 -1
41 84 0 -1
92 19 -1 0
-23 59 1 -1
13 93 0 -1
137 45 -1 0
76 127 -1 -1
82 -16 0 1
-21 19 1 0
67 0 -1 0
-28 4 1 1
8 15 0 0
6 69 1 0
24 11 1 0
-32 7 1 1
92 149 -1 -1
109 70 -1 0
141 95 -1 -1
88 65 -1 -1
98 -35 -1 1
69 107 -1 -1
99 26 0 1
156 62 -1 0
104 75 -1 0
71 81 0 0
59 128 -1 -1
150 94 -1 0
96 155 0 -1
71 36 -1 1
18 68 1 0
49 27 0 0
96 36 -1 1
67 -44 -1 1
70 78 -1 -1
69 -54 0 1
79 10 -1 1
150 2 -1 1
31 150 1 -1
39 -46 0 1
-7 13 1 0
26 30 0 1
100 65 -1 -1
63 -5 -1 1
5 -28 1 1
-7 91 1 -1
34 -51 1 1
-25 35 1 0
132 97 -1 -1
-58 35 1 1
132 54 -1 0
156 119 -1 -1
6 -10 0 1
63 83 -1 -1
130 -17 -1 1
-34 33 1 1
-15 128 1 -1
32 109 1 -1
10 -37 1 1
121 27 -1 0
16 47 1 0
7 84 1 -1
-11 95 1 0
59 5 -1 1
136 153 -1 -1
90 70 -1 -1
49 66 0 -1
36 104 0 -1
113 40 -1 0
-2 70 1 0
65 108 -1 -1
-24 61 1 0
-40 9 1 1
-27 29 1 0
88 29 0 1
68 -48 0 1
104 110 -1 -1
14 24 1 0
70 88 -1 -1
84 103 -1 -1
2 38 0 1
67 -53 -1 1
29 85 1 -1
5 113 0 -1
-50 10 1 0
97 85 -1 -1
65 60 0 -1
23 122 0 -1
19 67 0 0
-27 23 1 0
52 9 0 0
34 15 0 1
152 0 -1 1
-46 111 1 -1
35 157 0 -1
149 3 -1 1
155 38 -1 0
84 83 0 0
29 138 1 -1
-44 155 1 -1
-57 45 1 0
5 54 0 0
-46 99 1 0
40 91 0 0
42 6 0 1
45 67 0 -1
6 119 0 -1
18 12 0 0
-2 79 1 -1
37 64 1 0
32 83 0 0
43 143 0 -1
145 136 -1 -1
93 59 0 -1
72 98 0 0
138 0 -1 0
-43 36 1 0
31 29 0 1
24 51 1 0
67 69 -1 -1
77 -22 0 1
51 78 0 -1
-29 125 1 -1
74 11 0 1
-50 121 1 -1
118 -44 -1 1
43 -27 0 1
137 95 -1 -1
126 91 -1 0
-58 83 1 0
143 100 -1 -1
27 36 0 0
58 105 0 -1
75 71 0 0
85 83 -1 -1
-9 60 1 0
158 30 -1 1
65 24 -1 0
22 -56 0 1
137 134 -1 -1
-51 84 1 -1
-34 20 1 0
92 86 0 -1
119 15 -1 0
-3 -7 1 1
83 61 0 0
104 26 -1 0
93 108 0 -1
105 84 -1 0
15 55 0 0
-50 -13 1 1
42 59 0 -1
-19 14 1 1
85 15 -1 0
42 35 0 0
89 74 -1 -1
124 -2 -1 1
4 115 1 -1
86 0 0 0
-34 38 1 1
-32 5 1 1
77 10 -1 0
-43 56 1 0
105 64 -1 -1
28 27 0 1
120 -34 -1 1
157 112 -1 -1
158 146 -1 -1
44 30 0 0
-38 105 1 -1
85 74 0 0
143 30 -1 0
92 -43 0 1
35 110 0 -1
24 67 1 -1
74 105 -1 -1
152 65 -1 0
133 -30 -1 1
82 -8 -1 1
52 81 0 0
89 66 -1 0
-33 12 1 1
-21 66 1 0
132 108 -1 -1
22 130 0 -1
-20 61 1 -1
158 -38 -1 1
-21 -35 1 1
134 6 -1 0
102 -43 -1 1
64 50 -1 0
-43 22 1 1
37 37 0 0
88 29 0 0
21 95 0 0
-48 140 1 -1
149 88 -1 -1
95 -18 -1 1
-30 50 1 0
74 125 0 -1
3 -49 0 1
64 21 0 1
107 148 -1 -1
74 77 0 0
152 16 -1 0
-52 2 1 0
65 76 0 -1
29 120 1 -1
10 76 1 0
38 -47 0 1
33 140 1 -1
40 -24 1 1
-7 24 1 0
20 142 1 -1
15 -11 0 1
-48 131 1 -1
87 -13 -1 1
122 89 -1 -1
61 -31 0 1
92 -27 -1 1
115 -6 -1 1
148 91 -1 -1
83 24 -1 0
-59 31 1 1
146 96 -1 -1
60 7 0 1
74 30 -1 0
29 -38 1 1
11 72 1 -1
118 63 -1 -1
45 64 0 0
79 34 -1 0
145 113 -1 -1
138 132 -1 -1
2 -54 1 1
94 106 0 -1
-41 94 1 0
23 -1 1 1
21 23 0 1
12 28 0 1
103 130 -1 -1
25 -19 1 1
92 -45 0 1
67 2 0 0
58 -3 0 1
101 89 -1 -1
151 52 -1 0
65 59 -1 0
3 150 0 -1
92 89 -1 0
25 -57 1 1
154 62 -1 -1
-57 6 1 0
-21 89 1 0
120 126 -1 -1
151 4 -1 1
6 124 1 -1
143 -43 -1 1
-30 72 1 -1
69 80 0 -1
33 -45 1 1
21 -33 0 1
93 36 -1 0
5 12 1 0
85 108 -1 -1
61 99 0 0
156 62 -1 0
91 80 -1 -1
70 150 -1 -1
-22 30 1 0
67 84 0 0
-26 26 1 0
120 118 -1 -1
135 86 -1 -1
69 73 0 0
95 53 -1 0
148 106 -1 -1
148 -47 -1 1
12 135 1 -1
15 -9 1 1
10 66 1 0
60 14 0 1
125 126 -1 -1
14 6 0 1
16 69 1 -1
95 108 -1 -1
63 9 0 1
42 -24 0 1
0 37 0 1
66 105 -1 -1
139 65 -1 0
71 147 0 -1
79 -55 0 1
-46 150 1 -1
97 17 -1 1
100 93 -1 0
0 28 0 0
158 -27 -1 1
5 52 0 0
7 51 0 0
52 1 0 0
89 146 0 -1
83 -12 0 1
-26 13 1 1
27 22 1 0
74 87 -1 0
17 99 0 -1
86 21 0 0
127 9 -1 0
72 20 0 1
42 44 0 0
-16 -38 1 1
91 78 0 -1
129 46 -1 0
-4 33 1 0
79 151 -1 -1
5 115 0 -1
135 -36 -1 1
39 -21 0 1
63 20 0 1
80 86 0 0
-3 93 1 -1
108 -54 -1 1
14 -21 0 1
158 -11 -1 1
81 -26 -1 1
34 3 0 0
-23 101 1 -1
47 90 0 -1
-40 71 1 -1
131 156 -1 -1
81 31 -1 1
147 2 -1 1
147 91 -1 0
96 -12 0 1
11 26 0 0
83 39 -1 1
0 -25 0 1
-14 45 1 0
138 -30 -1 1
63 0 0 0
-54 35 1 1
141 126 -1 -1
17 67 1 0
29 2 1 0
-3 -26 1 1
119 34 -1 1
-11 29 1 0
102 151 -1 -1
45 135 0 -1
-42 93 1 -1
-24 89 1 0
142 110 -1 -1
119 20 -1 0
7 -31 0 1
66 14 0 0
121 92 -1 0
94 13 -1 0
93 63 0 -1
22 63 1 -1
136 -48 -1 1
93 11 0 1
29 46 1 0
-12 77 1 -1
-28 14 1 1
132 139 -1 -1
143 -46 -1 1
73 22 -1 1
-26 -3 1 1
126 122 -1 -1
125 8 -1 0
98 19 0 0
28 73 1 -1
63 83 -1 -1
70 60 0 0
81 57 -1 0
-20 66 1 -1
-15 -47 1 1
76 -27 0 1
18 13 1 0
75 106 -1 -1
45 4 0 1
140 90 -1 0
116 92 -1 0
-32 -10 1 1
79 44 0 0
96 27 -1 1
59 73 0 -1
-8 -53 1 1
11 -49 1 1
-58 48 1 0
67 147 -1 -1
153 62 -1 0
95 31 0 0
34 59 1 0
15 -10 0 1
123 77 -1 -1
156 134 -1 -1
9 4 1 1
73 -19 -1 1
15 79 0 0
9 4 0 1
142 92 -1 -1
3 131 0 -1
116 72 -1 0
16 64 1 -1
131 -37 -1 1
87 38 -1 1
92 -3 0 1
-39 68 1 0
-27 80 1 -1
147 19 -1 0
24 75 0 -1
-44 147 1 -1
-36 -2 1 1
10 -5 0 1
1 122 1 -1
122 55 -1 0
38 99 0 -1
28 157 0 -1
-28 21 1 1
98 24 -1 1
85 40 0 1
29 61 0 0
36 61 0 0
153 64 -1 -1
12 19 1 1
-54 44 1 0
-56 31 1 0
75 12 0 1
77 122 -1 -1
96 39 -1 0
59 121 -1 -1
93 129 0 -1
-24 44 1 0
17 -51 1 1
134 108 -1 -1
119 -27 -1 1
134 36 -1 0
140 92 -1 -1
-55 96 1 0
80 -21 0 1
-9 132 1 -1
-42 -24 1 1
44 17 0 1
73 93 -1 0
-12 6 1 1
72 2 -1 1
36 142 1 -1
46 -49 0 1
28 111 1 -1
11 97 0 -1
9 29 0 0
151 59 -1 -1
115 46 -1 0
23 10 1 0
-28 -38 1 1
70 113 0 -1
53 132 0 -1
-36 60 1 -1
75 19 -1 0
108 31 -1 1
34 20 1 1
-58 1 1 1
18 48 1 0
-16 90 1 -1
151 -17 -1 1
77 -47 -1 1
-48 36 1 0
93 -44 0 1
117 59 -1 0
96 139 0 -1
82 17 -1 0
20 -20 1 1
96 54 -1 0
11 -39 1 1
99 71 -1 0
50 118 0 -1
21 22 1 0
-45 90 1 -1
-24 151 1 -1
13 22 0 0
-28 95 1 -1
157 51 -1 0
62 5 0 1
39 69 1 0
10 83 1 -1
97 18 0 1
58 71 0 0
16 53 0 0
91 26 0 0
42 -39 0 1
139 89 -1 -1
88 -24 0 1
-6 67 1 -1
43 22 0 0
31 11 0 0
-55 -16 1 1
58 125 0 -1
52 -28 0 1
18 77 0 -1
57 121 0 -1
68 131 -1 -1
89 -28 0 1
5 78 1 0
94 -17 0 1
144 -57 -1 1
5 -57 0 1
75 60 -1 -1
6 74 1 0
4 158 1 -1
-6 16 1 0
96 24 0 0
153 14 -1 0
27 106 1 -1
59 44 -1 0
26 4 0 0
144 6 -1 1
86 52 0 0
98 -31 -1 1
118 147 -1 -1
-13 12 1 0
20 16 1 1
142 129 -1 -1
146 36 -1 1
84 24 -1 0
134 152 -1 -1
119 129 -1 -1
155 128 -1 -1
9 25 0 0
102 72 -1 0
87 96 -1 0
11 87 0 0
40 132 1 -1
94 -30 -1 1
-54 80 1 0
-47 -3 1 1
45 -30 0 1
91 68 0 -1
150 123 -1 -1
21 116 0 -1
20 46 1 0
134 -3 -1 1
67 60 -1 0
140 28 -1 0
14 94 0 0
96 70 0 -1
-46 116 1 -1
-31 -20 1 1
86 72 0 0
33 35 0 1
40 47 1 0
9 -45 0 1
156 86 -1 0
32 116 1 -1
121 141 -1 -1
-7 37 1 1
-27 82 1 0
4 -56 0 1
116 147 -1 -1
9 57 0 0
121 45 -1 0
-25 30 1 0
119 86 -1 -1
141 93 -1 -1
75 75 -1 -1
-37 36 1 1
22 43 0 0
87 27 -1 0
139 -42 -1 1
86 15 -1 0
64 -57 0 1
39 84 0 0
-23 158 1 -1
27 70 0 0
33 9 1 1
71 22 -1 0
28 66 1 -1
115 -34 -1 1
136 -41 -1 1
9 -59 0 1
89 97 -1 0
0 100 1 -1
115 109 -1 -1
110 70 -1 -1
82 28 -1 1
101 137 -1 -1
36 30 0 1
77 2 -1 0
-53 15 1 1
38 -49 1 1
6 26 1 1
149 -29 -1 1
41 -50 0 1
92 19 0 0
66 115 0 -1
81 21 0 1
113 32 -1 1
85 74 -1 0
65 127 0 -1
33 22 0 0
78 37 -1 1
40 11 0 1
20 3 1 0
-56 131 1 -1
154 33 -1 0
74 -5 0 1
60 12 0 0
81 74 0 -1
87 80 -1 -1
10 11 1 1
106 37 -1 0
17 -2 1 1
-28 38 1 0
44 11 0 0
87 130 -1 -1
13 -9 1 1
-53 94 1 0
151 78 -1 -1
11 26 1 1
132 43 -1 0
73 51 0 0
145 69 -1 0
82 -17 0 1
96 93 -1 0
95 -39 0 1
55 -9 0 1
140 58 -1 0
68 94 -1 0
22 60 0 -1
113 81 -1 0
73 66 -1 0
142 95 -1 0
60 72 -1 0
29 113 1 -1
51 88 0 0
152 137 -1 -1
25 7 1 1
-4 94 1 0
93 27 0 1
7 43 1 0
143 154 -1 -1
31 -21 0 1
102 -54 -1 1
19 74 1 -1
-58 101 1 -1
-2 72 1 0
-57 -2 1 1
73 156 -1 -1
72 -29 -1 1
82 13 0 1
125 26 -1 0
-29 58 1 0
31 145 1 -1
103 82 -1 0
21 105 0 -1
36 -23 0 1
11 54 1 0
38 45 1 0
63 71 0 0
27 9 0 1
-34 58 1 0
18 32 0 0
-26 20 1 1
56 88 0 -1
2 95 0 -1
112 -43 -1 1
-41 71 1 -1
149 51 -1 0
-38 80 1 -1
57 91 0 0
119 74 -1 0
149 90 -1 -1
-8 70 1 -1
28 81 1 -1
95 45 0 0
71 92 0 0
58 89 0 -1
65 -50 -1 1
24 113 0 -1
-51 -55 1 1
46 35 0 0
88 91 0 -1
-21 138 1 -1
-5 -18 1 1
146 28 -1 0
51 98 0 0
-24 55 1 0
32 -25 1 1
-47 31 1 1
34 30 1 1
-13 34 1 1
78 2 -1 0
29 79 0 -1
76 20 -1 0
62 7 0 1
-22 154 1 -1
29 24 0 0
-11 60 1 0
121 76 -1 -1
53 -25 0 1
107 142 -1 -1
94 21 -1 1
35 15 1 1
143 150 -1 -1
-21 64 1 -1
-33 -59 1 1
-36 29 1 0
-40 69 1 0
2 16 1 1
116 139 -1 -1
100 18 -1 1
23 63 1 -1
-53 27 1 1
12 -42 0 1
97 -48 -1 1
-51 30 1 1
26 54 1 0
7 4 0 0
40 94 0 0
36 35 1 1
82 8 -1 0
40 26 1 0
69 110 0 -1
-25 69 1 0
77 3 0 1
25 26 1 0
26 60 1 0
41 85 0 -1
1 -45 1 1
151 106 -1 -1
91 151 0 -1
65 9 0 0
60 -5 -1 1
-34 22 1 1
-9 25 1 1
51 153 0 -1
21 18 1 0
3 114 0 -1
85 -30 -1 1
58 115 0 -1
-29 109 1 -1
135 38 -1 0
36 67 1 -1
144 55 -1 0
27 71 1 -1
111 59 -1 0
99 74 -1 -1
-36 33 1 0
80 25 0 1
34 27 0 0
130 11 -1 0
113 112 -1 -1
39 94 1 -1
97 60 -1 0
-14 29 1 1
-11 113 1 -1
125 -25 -1 1
142 -5 -1 1
116 66 -1 -1
97 92 -1 0
112 90 -1 -1
13 12 1 0
-19 -17 1 1
12 70 1 -1
75 20 0 0
17 90 0 -1
92 95 0 -1
-42 2 1 0
-3 33 1 1
133 66 -1 0
92 129 -1 -1
126 9 -1 0
19 87 1 -1
-52 113 1 -1
66 3 0 1
39 -47 1 1
131 16 -1 0
72 89 -1 0
68 -53 0 1
40 -49 0 1
11 80 0 -1
90 37 0 0
136 21 -1 0
-42 84 1 0
6 -5 0 1
16 71 0 0
4 152 0 -1
23 -50 1 1
69 129 -1 -1
109 5 -1 0
135 20 -1 0
-54 1 1 1
30 134 1 -1
-36 28 1 1
-50 21 1 0
95 21 -1 1
-35 158 1 -1
-9 8 1 1
127 -25 -1 1
68 103 -1 -1
68 51 0 0
22 67 1 -1
100 80 -1 -1
156 -28 -1 1
21 -49 0 1
158 64 -1 -1
15 -37 0 1
97 -39 0 1
52 111 0 -1
146 -4 -1 1
-41 19 1 0
35 -32 0 1
-29 75 1 0
-27 52 1 0
90 138 -1 -1
-16 78 1 -1
91 -21 -1 1
14 59 0 0
68 7 -1 0
2 148 1 -1
108 -4 -1 1
125 -18 -1 1
-18 112 1 -1
-9 124 1 -1
38 28 0 1
95 -55 -1 1
96 18 0 1
76 -24 0 1
107 26 -1 1
145 70 -1 0
157 46 -1 0
118 67 -1 0
129 95 -1 0
132 81 -1 0
155 25 -1 0
115 27 -1 0
0 -43 0 1
131 140 -1 -1
61 17 0 1
98 123 -1 -1
15 142 0 -1
-11 22 1 0
-47 76 1 -1
71 -10 0 1
58 29 0 0
75 14 0 1
27 23 0 1
144 157 -1 -1
7 126 0 -1
39 19 1 0
9 70 0 0
68 8 0 1
26 152 0 -1
104 127 -1 -1
115 92 -1 -1
68 86 -1 0
101 38 -1 1
-50 150 1 -1
-10 79 1 0
40 88 0 0
-2 -27 1 1
38 21 0 0
-37 -31 1 1
113 88 -1 -1
79 -39 -1 1
27 20 0 1
4 39 1 0
33 12 1 1
52 133 0 -1
14 -25 1 1
40 -33 1 1
33 23 0 0
35 18 0 0
1 38 0 0
10 65 1 -1
-38 136 1 -1
-33 75 1 -1
130 34 -1 0
-22 24 1 0
-33 -23 1 1
-3 62 1 -1
62 68 -1 0
82 127 0 -1
83 -19 0 1
15 148 0 -1
24 151 1 -1
41 -42 0 1
88 -23 0 1
-23 15 1 0
66 10 -1 1
14 40 1 0
77 -42 0 1
14 -55 1 1
-55 39 1 1
116 135 -1 -1
39 71 0 -1
28 17 0 0
-58 1 1 1
123 52 -1 0
90 -38 0 1
128 17 -1 0
97 153 -1 -1
93 27 -1 1
149 -41 -1 1
113 64 -1 -1
73 74 -1 0
-9 119 1 -1
155 77 -1 0
18 16 0 1
23 7 1 1
150 145 -1 -1
71 -16 -1 1
59 -30 -1 1
138 83 -1 0
146 -57 -1 1
45 -42 0 1
125 -12 -1 1
78 15 -1 1
72 82 0 0
13 53 1 0
151 22 -1 1
67 -28 0 1
-40 68 1 0
91 79 0 0
63 -16 -1 1
67 6 0 1
-45 80 1 0
41 -54 0 1
94 -11 -1 1
47 21 0 1
156 58 -1 0
89 27 -1 1
30 35 0 0
69 95 0 -1
93 -2 -1 1
73 5 -1 0
-35 37 1 0
22 132 0 -1
93 6 0 1
74 75 -1 -1
-9 82 1 0
-25 20 1 1
31 2 0 1
-37 28 1 0
-39 93 1 0
28 138 1 -1
93 91 -1 -1
131 93 -1 0
142 124 -1 -1
3 108 0 -1
127 1 -1 1
65 13 0 1
-8 140 1 -1
10 21 0 1
-34 9 1 0
30 10 0 1
18 59 1 -1
50 21 0 0
7 65 1 0
3 16 1 1
134 109 -1 -1
95 90 -1 -1
157 1 -1 1
61 91 -1 0
73 70 0 -1
62 4 -1 1
-15 -43 1 1
147 15 -1 1
7 106 0 -1
97 -53 0 1
22 28 1 0
63 92 0 0
33 141 0 -1
134 106 -1 -1
-1 28 1 1
147 99 -1 -1
-34 87 1 -1
66 47 0 0
22 7 0 0
90 31 -1 1
62 49 0 0
-2 138 1 -1
43 143 0 -1
17 -12 1 1
109 92 -1 -1
98 110 -1 -1
151 -38 -1 1
66 40 -1 1
-53 -55 1 1
68 18 -1 0
123 23 -1 1
-38 51 1 0
15 36 0 0
76 15 -1 0
144 -59 -1 1
50 136 0 -1
41 -40 0 1
158 56 -1 0
8 -30 0 1
111 6 -1 1
-4 -7 1 1
83 57 -1 0
110 14 -1 0
15 -45 1 1
86 68 0 0
34 104 1 -1
78 65 -1 -1
29 78 1 0
2 93 1 -1
3 41 1 0
2 17 0 1
134 88 -1 0
10 78 1 0
-6 113 1 -1
72 64 0 -1
24 -4 1 1
-7 158 1 -1
131 19 -1 1
64 -22 -1 1
-19 72 1 -1
-27 75 1 0
-52 38 1 1
26 -31 1 1
-4 94 1 -1
-5 14 1 1
73 85 -1 -1
77 80 -1 0
140 113 -1 -1
99 72 0 -1
18 -47 0 1
135 79 -1 0
64 14 0 1
84 -6 0 1
25 -35 0 1
98 70 0 -1
121 112 -1 -1
77 14 -1 0
-8 13 1 0
113 3 -1 0
43 93 0 -1
77 131 0 -1
-34 81 1 -1
129 -26 -1 1
136 9 -1 1
73 92 0 0
-44 69 1 0
148 127 -1 -1
31 5 1 1
25 89 0 -1
-26 64 1 -1
-34 58 1 0
-4 136 1 -1
155 44 -1 0
81 64 0 -1
40 -25 1 1
144 61 -1 -1
113 25 -1 1
-46 16 1 1
0 145 1 -1
91 -21 0 1
141 74 -1 0
-23 153 1 -1
65 139 -1 -1
97 -17 0 1
9 129 1 -1
-54 86 1 -1
79 69 0 0
32 -8 1 1
-11 83 1 0
61 -38 0 1
80 76 0 -1
24 71 0 -1
25 48 1 0
-21 22 1 1
95 75 -1 -1
31 69 1 0
59 16 -1 1
-50 2 1 0
68 59 0 -1
54 10 0 1
79 154 -1 -1
-38 23 1 1
45 35 0 0
-8 -58 1 1
-42 104 1 -1
6 56 1 0
16 5 1 1
27 -53 0 1
151 47 -1 0
30 25 1 1
-3 127 1 -1
68 61 0 0
20 -21 1 1
128 -54 -1 1
64 -27 0 1
-22 94 1 -1
-57 33 1 1
36 71 1 0
125 -12 -1 1
90 29 -1 0
62 64 -1 0
10 19 0 0
114 80 -1 -1
82 69 -1 -1
-8 -52 1 1
-41 -26 1 1
103 -12 -1 1
-12 22 1 0
-36 28 1 1
-46 118 1 -1
2 10 0 0
-56 0 1 0
81 97 0 -1
28 45 0 0
84 -16 0 1
3 99 0 -1
117 27 -1 0
49 60 0 -1
153 139 -1 -1
-19 -53 1 1
98 73 0 0
-3 58 1 0
126 153 -1 -1
91 0 0 1
23 -11 0 1
66 155 0 -1
51 96 0 0
62 65 0 -1
62 95 -1 0
-11 30 1 1
-43 151 1 -1
111 -17 -1 1
18 71 1 -1
91 18 -1 0
34 135 1 -1
155 143 -1 -1
96 9 0 0
155 108 -1 -1
128 56 -1 0
145 10 -1 1
83 70 -1 0
8 -55 0 1
127 -37 -1 1
71 -39 -1 1
130 81 -1 -1
-59 119 1 -1
8 106 1 -1
-17 117 1 -1
-1 34 1 0
109 11 -1 0
91 29 0 1
-27 97 1 -1
136 138 -1 -1
95 -4 -1 1
96 84 -1 0
64 40 -1 1
131 69 -1 0
76 -18 -1 1
53 15 0 0
-46 83 1 -1
77 18 0 1
-24 -50 1 1
74 64 -1 -1
79 -16 0 1
71 22 0 1
99 143 -1 -1
82 1 0 1
3 82 1 -1
41 134 0 -1
73 25 -1 0
-30 -14 1 1
8 106 0 -1
79 85 0 -1
-58 106 1 -1
59 10 0 1
6 80 0 -1
-32 70 1 0
76 155 -1 -1
-25 135 1 -1
22 99 0 0
-18 -54 1 1
86 12 0 0
84 96 -1 0
-23 80 1 0
64 3 0 0
-23 -6 1 1
123 12 -1 0
140 -5 -1 1
-27 -11 1 1
-49 40 1 0
120 133 -1 -1
122 88 -1 0
146 -27 -1 1
51 0 0 0
77 70 -1 -1
135 144 -1 -1
-34 2 1 1
71 91 0 0
103 31 -1 1
-50 155 1 -1
20 -7 0 1
9 14 0 1
86 95 0 0
76 33 0 0
59 33 -1 1
-29 -15 1 1
91 20 -1 1
-53 122 1 -1
91 -45 0 1
88 -58 -1 1
73 85 0 0
-8 15 1 1
28 122 1 -1
-12 29 1 1
46 77 0 -1
113 48 -1 0
8 131 1 -1
144 24 -1 0
74 14 -1 1
48 -8 0 1
33 -49 1 1
-3 81 1 -1
83 137 -1 -1
32 126 1 -1
34 27 1 0
8 27 0 0
50 76 0 0
140 111 -1 -1
6 4 0 0
-26 45 1 0
114 -54 -1 1
33 -15 1 1
102 -7 -1 1
134 -50 -1 1
98 23 0 1
68 23 -1 1
77 -56 -1 1
112 102 -1 -1
148 5 -1 1
66 -13 -1 1
-56 41 1 0
53 -52 0 1
5 -29 1 1
77 -49 0 1
-24 99 1 0
-28 86 1 -1
20 132 1 -1
63 14 0 0
75 92 0 0
65 53 0 0
147 -10 -1 1
21 5 0 0
59 33 -1 0
61 -54 0 1
36 -1 1 1
8 62 0 -1
74 35 0 0
-39 34 1 1
11 75 0 0
77 -51 0 1
-13 90 1 -1
63 29 0 1
107 72 -1 0
148 8 -1 1
95 88 -1 -1
-24 -40 1 1
-43 86 1 -1
-47 36 1 0
30 11 0 0
144 158 -1 -1
138 157 -1 -1
-4 31 1 0
86 128 -1 -1
95 54 0 0
-19 26 1 0
-57 13 1 1
14 -17 1 1
37 56 1 0
137 -7 -1 1
-23 138 1 -1
149 44 -1 0
88 35 -1 1
30 84 1 -1
-32 3 1 0
-55 28 1 1
33 -2 0 1
49 -17 0 1
43 60 0 -1
153 -7 -1 1
91 12 -1 0
-8 49 1 0
86 54 0 0
44 83 0 -1
-44 19 1 0
41 19 0 0
25 126 1 -1
6 54 0 0
42 122 0 -1
80 108 0 -1
17 18 1 1
15 -41 1 1
-51 94 1 0
132 117 -1 -1
-55 33 1 0
83 -39 -1 1
-59 81 1 -1
80 66 0 0
8 86 1 0
28 91 1 0
62 -40 0 1
152 72 -1 -1
0 19 1 1
-29 69 1 0
125 94 -1 -1
-59 153 1 -1
88 77 0 0
141 -36 -1 1
79 120 -1 -1
58 33 0 0
11 64 1 -1
46 104 0 -1
59 21 0 0
9 37 1 1
115 31 -1 0
128 2 -1 0
-53 -52 1 1
13 23 1 1
14 109 1 -1
-3 33 1 1
60 23 0 0
150 61 -1 -1
68 -56 -1 1
50 -40 0 1
79 86 0 0
-18 93 1 -1
27 131 1 -1
59 -52 -1 1
20 13 1 1
98 -52 -1 1
23 79 0 -1
103 6 -1 0
124 -24 -1 1
72 -20 -1 1
123 -22 -1 1
-17 0 1 1
85 -27 -1 1
29 15 1 0
-40 68 1 0
96 135 0 -1
22 139 1 -1
107 3 -1 1
-36 93 1 -1
68 145 -1 -1
-34 20 1 0
5 92 0 -1
154 -35 -1 1
108 3 -1 0
26 34 0 1
79 -4 0 1
71 -41 0 1
89 69 -1 0
44 62 0 0
10 100 1 -1
12 -10 0 1
85 -30 0 1
17 2 0 0
122 124 -1 -1
65 -42 0 1
106 50 -1 0
47 22 0 1
138 97 -1 -1
67 60 0 -1
73 33 -1 0
-29 84 1 0
-40 64 1 0
98 62 0 -1
9 2 1 1
72 20 -1 1
36 121 1 -1
83 132 -1 -1
38 29 0 1
36 -22 0 1
73 26 0 0
-58 -57 1 1
13 69 1 0
74 58 0 0
47 91 0 -1
-53 5 1 0
76 -12 -1 1
73 -52 -1 1
33 31 0 0
156 13 -1 1
81 52 0 0
32 -33 0 1
4 87 0 0
1 16 1 0
14 -34 0 1
14 82 1 0
78 -42 0 1
86 -27 -1 1
44 99 0 0
-41 74 1 -1
-59 16 1 1
114 93 -1 0
61 85 -1 -1
2 53 1 0
-28 1 1 0
57 65 0 0
-51 0 1 0
130 -50 -1 1
64 80 -1 0
59 -40 -1 1
34 128 1 -1
20 90 0 -1
119 46 -1 0
34 22 1 1
64 2 0 0
-13 112 1 -1
153 0 -1 0
3 117 1 -1
-36 6 1 0
90 35 -1 1
-21 28 1 1
130 93 -1 0
3 33 0 1
-6 26 1 0
60 151 0 -1
-20 96 1 -1
35 -30 1 1
23 23 0 1
103 98 -1 0
